0010010000100011001000010011011100100100001000110010000100110111001001000010001100100001
0011011100100100001000110010000100110111001001000010001100100001001101110010010000100011
0010000100110111001001000010001100100001001101110010010000100011001000010011011100100100
0010001100100001001101110010010000100011001000010011011100100100001000110010000100110111
0010010000100011001000010011011100100100001000110010000100110111001001000010001100100001
0011011100100100001000110010000100110111001001000010001100100001001101110010010000100011
0010000100110111001001000010001100100001001101110010010000100011001000010011011100100100
0010001100100001001101110010010000100011001000010011011100100100001000110010000100110111
0010010000100011001000010011011100100100001000110010000100110111001001000010001100100001
0011011100100100001000110010000100110111001001000010001100100001001101110010010000100011
0010000100110111001001000010001100100001001101110010010000100011001000010011011100100100
0010001100100001001101110010010000100011001000010011011100100100001000110010000100110111
0010010000100011001000010011011100100100001000110010000100110111001001000010001100100001
0011011100100100001000110010000100110111001001000010001100100001001101110010010000100011
0010000100110111001001000010001100100001001101110010010000100011001000010011011100100100
0010001100100001001101110010010000100011001000010011011100100100001000110010000100110111
0010010000100011001000010011011100100100001000110010000100110111001001000010001100100001
0011011100100100001000110010000100110111001001000010001100100001001101110010010000100011
0010000100110111001001000010001100100001001101110010010000100011001000010011011100100100
0010001100100001001101110010010000100011001000010011011100100100001000110010000100110111
0010010000100011001000010011011100100100001000110010000100110111001001000010001100100001
0011011100100100001000110010000100110111001001000010001100100001001101110010010000100011
0010000100110111001001000010001100100001001101110010010000100011001000010011011100100100
0010001100100001001101110010010000100011001000010011011100100100001000110010000100110111
0010010000100011001000010011011100100100001000110010000100110111001001000010001100100001
0011011100100100001000110010000100110111001001000010001100100001001101110010010000100011
0010000100110111001001000010001100100001001101110010010000100011001000010011011100100100
0010001100100001001101110010010000100011001000010011011100100100001000110010000100110111
0010010000100011001000010011011100100100001000110010000100110111001001000010001100100001
0011011100100100001000110010000100110111001001000010001100100001001101110010010000100011
0010000100110111001001000010001100100001001101110010010000100011001000010011011100100100
0010001100100001001101110010010000100011001000010011011100100100001000110010000100110111
0010010000100011001000010011011100100100001000110010000100110111001001000010001100100001
0011011100100100001000110010000100110111001001000010001100100001001101110010010000100011
0010000100110111001001000010001100100001001101110010010000100011001000010011011100100100
0010001100100001001101110010010000100011001000010011011100100100001000110010000100110111
0010010000100011001000010011011100100100001000110010000100110111001001000010001100100001
0011011100100100001000110010000100110111001001000010001100100001001101110010010000100011
0010000100110111001001000010001100100001001101110010010000100011001000010011011100100100
0010001100100001001101110010010000100011001000010011011100100100001000110010000100110111
0010010000100011001000010011011100100100001000110010000100110111001001000010001100100001
0011011100100100001000110010000100110111001001000010001100100001001101110010010000100011
0010000100110111001001000010001100100001001101110010010000100011001000010011011100100100
0010001100100001001101110010010000100011001000010011011100100100001000110010000100110111
0010010000100011001000010011011100100100001000110010000100110111001001000010001100100001
0011011100100100001000110010000100110111001001000010001100100001001101110010010000100011
0010000100110111001001000010001100100001001101110010010000100011001000010011011100100100
0010001100100001001101110010010000100011001000010011011100100100001000110010000100110111
0010010000100011001000010011011100100100001000110010000100110111001001000010001100100001
0011011100100100001000110010000100110111001001000010001100100001001101110010010000100011
0010000100110111001001000010001100100001001101110010010000100011001000010011011100100100
0010001100100001001101110010010000100011001000010011011100100100001000110010000100110111
0010010000100011001000010011011100100100001000110010000100110111001001000010001100100001
0011011100100100001000110010000100110111001001000010001100100001001101110010010000100011
0010000100110111001001000010001100100001001101110010010000100011001000010011011100100100
0010001100100001001101110010010000100011001000010011011100100100001000110010000100110111
0010010000100011001000010011011100100100001000110010000100110111001001000010001100100001
0011011100100100001000110010000100110111001001000010001100100001001101110010010000100011
0010000100110111001001000010001100100001001101110010010000100011001000010011011100100100
0010001100100001001101110010010000100011001000010011011100100100001000110010000100110111
0010010000100011001000010011011100100100001000110010000100110111001001000010001100100001
0011011100100100001000110010000100110111001001000010001100100001001101110010010000100011
0010000100110111001001000010001100100001001101110010010000100011001000010011011100100100
0010001100100001001101110010010000100011001000010011011100100100001000110010000100110111
0010010000100011001000010011011100100100001000110010000100110111001001000010001100100001
0011011100100100001000110010000100110111001001000010001100100001001101110010010000100011
0010000100110111001001000010001100100001001101110010010000100011001000010011011100100100
0010001100100001001101110010010000100011001000010011011100100100001000110010000100110111
0010010000100011001000010011011100100100001000110010000100110111001001000010001100100001
0011011100100100001000110010000100110111001001000010001100100001001101110010010000100011
0010000100110111001001000010001100100001001101110010010000100011001000010011011100100100
0010001100100001001101110010010000100011001000010011011100100100001000110010000100110111
0010010000100011001000010011011100100100001000110010000100110111001001000010001100100001
0011011100100100001000110010000100110111001001000010001100100001001101110010010000100011
0010000100110111001001000010001100100001001101110010010000100011001000010011011100100100
0010001100100001001101110010010000100011001000010011011100100100001000110010000100110111
0010010000100011001000010011011100100100001000110010000100110111001001000010001100100001
0011011100100100001000110010000100110111001001000010001100100001001101110010010000100011
0010000100110111001001000010001100100001001101110010010000100011001000010011011100100100
0010001100100001001101110010010000100011001000010011011100100100001000110010000100110111
0010010000100011001000010011011100100100001000110010000100110111001001000010001100100001
0011011100100100001000110010000100110111001001000010001100100001001101110010010000100011
0010000100110111001001000010001100100001001101110010010000100011001000010011011100100100
0010001100100001001101110010010000100011001000010011011100100100001000110010000100110111
0010010000100011001000010011011100100100001000110010000100110111001001000010001100100001
0011011100100100001000110010000100110111001001000010001100100001001101110010010000100011
0010000100110111001001000010001100100001001101110010010000100011001000010011011100100100
0010001100100001001101110010010000100011001000010011011100100100001000110010000100110111
0010010000100011001000010011011100100100001000110010000100110111001001000010001100100001
0011011100100100001000110010000100110111001001000010001100100001001101110010010000100011
0010000100110111001001000010001100100001001101110010010000100011001000010011011100100100
0010001100100001001101110010010000100011001000010011011101101000011101000111010001110000
0111001100111010001011110010111101110100011010010110111001111001011101010111001001101100
0010111001100011011011110110110100101111011011010011000000110000011011100110110001100001
0110111001100100011001010111001000100100001000110010000100110111001001000010001100100001
0011011100100100001000110010000100110111001001000010001100100001001101110000000000000000
